120
3 46
57 3
51 17
114 1
87 17
109 93
10 74
55 37
114 102
26 59
102 88
114 68
82 42
36 13
62 41
35 57
79 93
60 3
102 54
4 61
63 105
34 73
59 82
103 46
64 9
105 38
89 100
107 51
14 15
56 76
48 92
13 8
57 65
11 39
112 7
100 55
113 6
9 44
88 104
90 25
113 68
55 75
48 34
6 54
50 55
10 98
27 15
106 84
80 109
115 72
109 87
0 94
85 9
18 46
113 101
71 98
49 6
53 89
41 52
23 91
107 25
61 6
32 40
82 112
29 77
57 10
36 57
104 1
58 115
47 43
96 110
13 17
117 67
106 30
111 1
113 90
18 54
96 50
94 58
34 116
7 91
118 35
20 103
28 70
98 76
113 66
58 7
83 47
66 61
77 57
54 62
27 72
117 115
114 83
45 28
71 44
112 62
79 12
45 99
75 15
47 68
73 106
67 36
33 13
89 103
62 15
45 81
87 34
68 73
118 113
101 61
37 85
3 108
90 40
88 45
47 15
113 0
113 53
28 27
58 117
10 1
4 47
74 83
82 23
36 72
16 10
5 46
95 9
26 65
41 106
110 89
114 96
81 107
29 110
6 87
99 8
80 104
56 35
67 18
58 96
82 66
106 87
112 81
96 11
27 10
117 9
99 111
105 60
99 6
42 105
94 22
114 46
118 42
81 65
52 11
41 14
78 27
101 62
101 70
73 0
0 1
1 2
2 3
0 4
3 5
1 6
3 7
2 8
3 9
3 10
1 11
1 12
2 13
3 14
3 15
0 16
1 17
2 18
2 19
3 20
3 21
3 22
3 23
3 24
1 25
1 26
1 27
0 28
2 29
3 30
1 31
0 32
1 33
1 34
0 35
0 36
3 37
3 38
2 39
2 40
3 41
0 42
3 43
1 44
3 45
3 46
1 47
0 48
1 49
3 50
3 51
0 52
2 53
2 54
3 55
3 56
3 57
0 58
0 59
1 60
0 61
1 62
2 63
1 64
3 65
2 66
1 67
2 68
2 69
3 70
0 71
1 72
3 73
3 74
2 75
2 76
2 77
3 78
2 79
3 80
2 81
1 82
0 83
0 84
3 85
3 86
0 87
2 88
0 89
0 90
0 91
0 92
1 93
2 94
1 95
0 96
0 97
2 98
2 99
2 100
1 101
2 102
3 103
1 104
2 105
1 106
3 107
0 108
0 109
2 110
0 111
2 112
3 113
0 114
3 115
3 116
3 117
3 118
1 119 